68
67
67
67
67
67
67
67
67
69
69
70
70
68
68
68
68
70
70
68
68
70
70
71
71
69
69
68
68
66
66
64
64
66
66
64
64
64
64
64
64
62
62
62
62
61
61
60
60
58
58
59
59
59
59
61
61
64
64
64
64
62
62
63
63
64
64
67
67
66
66
64
64
65
65
67
67
67
67
67
67
65
65
67
67
68
68
68
68
66
66
66
66
68
68
70
70
71
71
71
71
70
70
68
68
66
66
64
64
66
66
67
67
67
67
67
67
67
67
67
67
68
68
66
66
67
67
68
68
68
68
68
68
69
69
69
69
68
68
66
66
64
64
63
63
61
61
61
61
63
63
63
63
63
63
64
64
66
66
66
66
64
64
64
64
62
62
61
61
63
63
65
65
58
58
60
60
62
62
62
62
63
63
64
64
64
64
64
64
65
65
66
66
68
68
69
69
67
67
65
65
67
67
67
67
68
68
68
68
63
63
63
63
61
61
63
63
64
64
64
64
64
64
64
64
64
64
66
66
68
68
70
70
70
70
70
70
70
70
70
70
70
70
70
70
70
70
71
71
70
70
70
70
70
70
68
68
69
69
68
68
66
66
65
65
66
66
64
64
63
63
64
64
62
62
62
62
62
62
62
62
62
62
61
61
60
60
61
61
61
61
62
62
61
61
62
62
60
60
60
60
59
59
59
59
59
59
59
59
57
57
59
59
57
57
59
59
57
57
57
57
57
57
57
57
57
57
57
57
57
57
57
57
56
56
56
56
56
56
56
56
56
56
56
51
52
52
52
52
52
52
51
51
53
53
54
54
54
54
54
54
59
59
61
61
59
59
59
59
59
59
59
59
59
59
59
59
59
59
58
58
58
58
58
58
58
58
59
59
59
59
59
59
61
61
59
59
61
61
61
61
61
61
63
63
64
64
64
64
64
64
64
64
64
64
64
64
64
64
64
64
64
64
63
63
63
63
62
62
62
62
62
62
62
62
62
62
62
62
62
62
62
62
61
61
61
61
61
61
61
61
61
60
61
61
61
61
61
61
61
61
59
59
59
59
58
58
59
59
61
61
61
61
59
59
59
59
60
60
60
60
60
60
67
67
68
68
68
68
68
67
67
67
67
67
67
67
67
67
67
