68
68
68
69
69
69
69
67
67
65
65
65
65
66
66
66
66
66
66
71
71
64
64
63
63
63
63
63
64
64
64
64
64
64
64
64
64
64
63
63
64
64
64
64
64
64
64
64
64
64
64
64
64
64
64
64
64
64
64
64
64
64
64
64
64
64
64
64
64
64
63
63
63
63
63
63
66
66
66
66
66
66
66
66
66
66
67
67
67
67
67
67
67
67
67
67
67
67
67
67
67
67
69
69
69
69
69
69
68
68
68
68
66
66
66
66
68
68
66
66
64
64
64
64
62
62
62
62
62
62
62
62
62
62
62
62
62
62
62
62
71
71
71
71
71
71
71
71
71
71
71
71
71
71
71
71
71
71
71
71
71
71
71
71
71
71
71
71
71
71
71
71
71
71
71
71
71
71
71
71
71
71
71
71
71
71
71
71
71
71
70
70
70
70
70
70
70
70
70
70
71
71
70
70
70
70
73
73
73
73
73
73
71
71
71
71
71
71
70
70
68
68
73
73
74
74
72
72
70
70
70
70
68
68
68
68
68
68
66
66
64
64
62
62
62
62
62
62
62
62
62
62
62
62
62
62
61
61
59
59
59
59
59
59
61
61
56
56
56
56
56
56
58
58
58
58
58
58
58
58
58
58
58
58
58
58
58
58
58
58
58
58
58
58
58
58
58
59
59
59
59
59
59
59
59
59
59
59
59
57
57
57
57
57
57
57
57
57
57
57
57
57
57
57
57
57
57
57
57
57
57
57
57
52
52
53
53
53
53
53
53
53
53
53
53
53
53
53
53
55
55
55
55
55
55
55
55
55
55
55
55
55
55
55
55
55
55
55
55
55
55
55
55
55
55
55
55
55
55
55
55
55
55
55
55
54
54
54
54
54
54
56
56
54
54
53
53
54
54
54
54
54
54
54
54
54
54
54
54
54
54
53
53
53
53
54
54
54
54
54
54
59
59
59
59
59
59
59
59
59
59
59
59
59
59
59
59
59
59
59
59
59
59
54
54
55
55
56
56
56
56
58
58
59
59
59
59
57
57
56
56
56
56
56
56
56
56
54
54
56
56
56
56
57
57
57
57
57
57
55
55
62
62
62
62
62
62
62
62
62
62
62
62
62
62
62
62
62
62
57
