68
68
70
70
72
72
74
73
71
70
71
71
71
71
71
69
69
71
69
69
69
68
68
68
66
66
67
68
68
68
70
69
69
69
69
69
69
69
69
68
68
68
68
68
68
70
70
70
70
69
68
67
66
67
67
65
65
65
67
68
70
70
70
70
70
70
69
69
69
69
69
69
68
68
68
69
69
71
70
70
71
72
72
71
68
68
61
61
61
62
62
64
66
66
66
66
66
66
66
67
67
68
68
68
68
68
68
68
68
68
68
69
72
72
72
72
73
73
73
72
72
72
72
73
74
74
74
72
72
73
73
74
76
78
78
76
76
76
75
75
74
74
74
74
72
72
72
73
67
66
66
66
68
70
71
71
71
69
69
69
69
69
69
69
71
73
75
73
73
73
71
71
72
71
72
73
73
74
73
73
73
73
73
75
75
75
75
76
76
76
76
76
70
70
70
70
71
71
71
70
70
69
69
69
69
68
68
68
69
67
68
67
66
66
66
66
66
66
66
68
67
67
67
67
67
67
67
67
66
65
66
66
66
66
66
67
67
68
68
66
66
66
66
67
66
68
68
70
71
71
73
73
73
73
73
73
72
70
71
71
69
68
68
68
68
68
68
68
68
66
66
66
66
66
66
66
66
65
66
66
68
68
69
69
68
68
68
68
68
68
69
69
70
70
71
71
71
71
70
73
73
72
72
70
69
69
69
69
69
70
70
70
72
71
70
68
68
69
67
69
68
68
68
68
75
75
75
76
76
76
75
73
74
74
73
75
74
68
68
68
70
70
72
74
74
73
71
71
69
69
68
68
67
67
67
67
67
68
68
68
69
69
70
70
70
70
70
70
70
71
71
71
73
73
73
73
73
73
74
74
74
74
74
75
76
75
76
76
75
75
75
73
75
76
75
76
76
74
68
68
67
67
66
68
69
68
68
68
68
68
68
68
67
67
69
69
69
69
71
73
73
71
71
69
68
70
71
71
68
68
68
68
68
67
67
67
68
68
68
69
69
68
68
68
68
66
66
66
66
67
66
64
63
63
64
66
68
68
67
67
67
67
66
68
68
68
68
68
68
68
68
71
71
71
74
73
73
72
72
71
71
71
70
71
71
71
71
72
73
72
71
71
69
69
69
68
68
68
70
71
70
