0
0
0
0
0
0
0
0
0
0
0
0
0
0
0
0
0
0
0
0
0
0
0
0
0
0
69
68
61
61
59
63
68
73
61
74
71
71
61
73
61
61
71
71
74
62
62
62
64
64
64
64
64
64
64
64
64
64
64
64
61
61
61
55
67
68
62
62
64
65
56
59
0
0
0
0
0
0
0
0
0
0
0
58
61
60
62
0
0
0
0
0
0
0
0
56
66
58
55
68
68
62
64
63
62
62
62
62
64
62
62
62
62
62
67
58
61
61
61
59
57
71
62
64
66
66
66
64
59
61
63
61
71
69
69
69
69
74
67
69
67
69
68
56
68
66
66
69
68
68
68
67
69
69
71
62
71
71
68
70
60
60
62
71
76
66
66
69
69
69
68
68
66
66
66
68
66
68
67
68
67
67
66
66
66
66
67
66
65
63
61
62
64
64
64
64
64
66
66
68
68
67
66
68
69
69
67
69
69
69
69
69
69
69
69
68
69
66
68
68
73
70
69
69
69
69
69
70
68
67
70
73
71
71
71
74
74
73
71
73
74
64
71
71
73
73
73
63
66
66
66
68
68
70
62
74
71
71
71
59
69
69
73
62
62
74
61
62
62
61
61
74
73
61
73
62
62
64
74
64
62
62
62
62
64
66
59
59
59
69
69
59
69
68
68
68
68
59
0
0
0
0
54
66
61
61
61
63
66
68
69
71
69
69
71
61
56
68
68
68
69
69
69
69
58
62
73
63
61
71
69
71
71
61
63
73
61
71
71
69
69
71
73
61
73
73
61
63
63
65
66
64
66
68
66
64
73
62
62
62
59
69
69
69
67
68
69
57
69
69
69
69
71
69
67
67
67
68
68
68
68
58
63
61
61
71
69
68
68
68
67
69
69
71
71
71
71
71
61
61
61
61
61
71
71
59
59
71
73
73
62
71
69
69
74
69
69
74
67
65
66
66
66
66
66
66
66
55
64
64
66
66
66
65
66
66
66
66
66
66
66
66
66
66
66
66
66
66
66
66
66
66
66
66
66
66
66
66
66
66
66
66
66
66
66
66
66
66
66
66
65
67
68
66
66
66
66
66
66
67
65
67
67
69
67
69
69
59
71
73
61
63
63
68
69
71
71
69
71
71
71
68
71
71
69
64
64
64
66
59
57
68
61
61
61
57
71
62
61
62
59
59
69
69
73
62
62
59
73
61
63
62
64
64
66
66
66
56
0
0
0
55
67
65
55
56
67
69
57
59
69
59
0
57
62
62
61
61
61
73
61
71
71
69
71
73
61
61
61
54
64
64
64
54
62
61
61
61
61
55
69
69
69
62
74
62
64
64
64
64
64
61
61
61
60
62
62
62
62
59
59
0
55
66
66
61
61
73
63
61
61
61
61
66
66
66
65
63
65
76
64
66
66
66
68
66
64
64
64
64
64
64
64
65
62
62
60
62
67
69
69
71
68
66
64
62
70
61
61
61
68
68
71
61
67
69
71
69
69
71
63
61
73
61
61
73
63
63
71
68
69
71
71
61
73
74
64
66
66
66
66
66
59
59
59
71
61
61
61
63
63
74
64
64
64
64
66
66
66
66
66
66
68
68
68
61
60
60
62
64
64
64
64
64
64
64
62
62
62
62
63
61
59
59
71
71
71
73
62
64
60
62
63
61
61
61
58
63
61
59
69
74
63
62
64
64
66
66
66
66
66
66
66
66
66
66
66
66
66
66
67
67
67
65
65
63
68
70
71
61
61
71
71
64
64
64
64
64
66
66
66
66
66
66
71
61
62
62
62
62
62
62
69
67
68
67
66
66
66
66
68
66
66
66
64
64
64
66
64
66
66
66
66
65
67
66
64
66
66
66
64
64
64
62
61
62
63
61
61
61
59
59
0
0
0
0
0
0
0
0
54
54
66
66
64
62
62
55
64
64
59
59
61
59
61
61
59
73
63
63
62
64
64
63
63
67
69
68
69
67
66
65
62
62
64
61
62
62
61
61
59
69
69
73
61
63
73
71
61
71
62
74
64
62
59
61
60
58
61
61
74
64
64
64
64
64
66
66
66
68
69
69
68
69
69
71
62
62
64
64
64
64
64
64
64
56
66
64
64
63
63
61
54
66
67
69
69
71
61
63
70
71
61
63
63
62
55
69
69
69
73
61
61
61
58
56
66
66
68
68
68
68
54
64
64
64
66
66
66
66
65
65
74
62
62
64
64
66
64
64
64
61
61
61
61
61
61
61
71
59
57
69
71
73
74
74
73
63
65
66
