68
68
70
70
70
70
71
76
76
76
77
75
72
71
71
71
71
73
73
75
75
70
70
67
66
66
66
66
66
66
66
64
64
64
64
63
63
63
63
64
62
61
61
61
63
64
66
66
65
66
65
66
66
67
66
66
66
68
68
68
68
68
70
70
70
69
69
67
67
66
65
65
72
72
71
71
70
70
70
71
69
69
69
69
69
68
69
69
69
69
69
69
69
69
69
69
68
68
69
69
71
73
73
75
75
77
77
77
77
76
78
72
72
72
72
72
71
73
73
71
71
73
73
73
73
73
73
73
73
73
73
75
74
73
73
73
73
71
70
70
69
69
69
69
69
68
68
67
68
68
68
67
67
67
67
68
66
66
66
68
75
76
76
76
76
76
76
76
76
76
75
68
67
67
69
71
70
70
70
70
70
69
69
69
68
68
68
68
68
68
68
68
68
68
68
70
70
71
70
68
68
68
68
68
68
68
68
68
69
69
68
67
67
67
66
66
65
66
67
67
67
65
64
64
64
64
71
71
70
70
68
68
67
67
67
67
67
62
62
61
63
70
70
70
68
68
68
68
71
71
73
73
74
73
72
73
73
73
73
74
74
74
74
74
73
73
73
72
72
72
72
73
73
74
74
74
74
74
72
73
72
72
72
70
70
82
82
80
80
80
78
77
76
76
78
78
78
78
78
78
80
80
79
81
80
80
73
73
73
73
70
68
67
67
66
65
65
66
66
66
66
66
66
66
66
73
71
73
73
76
76
76
78
77
77
77
76
76
73
74
74
71
71
73
73
72
71
70
67
67
67
67
66
73
80
81
81
79
77
77
77
77
77
77
77
78
78
76
76
71
71
71
71
71
73
74
74
74
74
71
71
71
71
71
70
70
68
67
66
78
90
90
88
81
78
78
78
78
78
78
80
80
73
67
67
67
69
71
71
71
71
71
71
71
71
71
71
70
70
71
71
69
68
68
68
68
68
69
69
71
71
69
67
65
65
65
65
65
66
67
68
69
69
69
69
69
69
69
68
68
67
67
66
66
65
65
64
64
66
66
66
63
60
59
59
60
61
61
61
61
61
61
66
66
66
65
65
65
66
66
67
68
71
69
69
70
70
69
67
69
69
69
69
69
67
66
66
68
69
69
69
