68
61
63
63
56
56
58
58
58
58
59
68
68
68
68
77
77
79
79
76
76
76
76
65
64
64
76
69
70
70
70
67
67
71
71
71
71
73
77
77
77
77
77
77
77
77
91
91
91
103
103
97
97
105
119
116
122
127
139
139
142
142
142
142
142
148
148
148
148
148
148
141
141
141
141
135
135
135
135
128
125
125
125
131
129
123
123
123
131
131
131
137
137
131
131
131
131
131
127
127
127
127
127
127
127
127
127
127
131
130
130
130
128
128
128
128
128
128
122
119
119
115
115
109
105
101
95
88
97
99
97
97
97
102
109
106
110
110
110
112
106
104
104
104
101
101
101
94
94
88
92
92
92
86
86
86
86
89
89
89
92
92
86
84
84
84
98
92
106
106
106
106
107
107
107
100
100
101
101
104
99
88
88
82
82
89
89
83
97
97
109
109
118
118
118
118
118
119
115
109
109
109
108
101
101
101
99
99
96
96
96
85
79
79
79
79
79
79
79
79
79
79
85
85
85
85
85
85
85
85
99
99
96
96
89
95
95
95
95
95
95
95
103
111
125
125
114
114
114
122
120
120
127
127
126
140
134
137
137
143
143
136
134
134
134
134
134
133
127
120
120
113
113
113
106
104
93
90
90
88
82
82
82
82
82
82
94
95
95
95
101
101
101
110
104
104
104
104
118
118
126
130
136
136
136
136
129
129
129
122
122
127
130
130
130
130
130
139
139
139
139
139
138
138
138
138
138
138
138
135
139
139
142
151
151
148
154
154
154
154
154
154
147
147
141
141
141
135
135
135
129
129
132
132
125
125
125
125
137
137
137
131
131
129
122
122
121
121
130
137
137
137
134
129
128
122
122
122
116
116
116
116
110
109
106
106
108
108
108
102
102
102
91
91
91
91
91
103
103
103
103
103
103
103
103
103
117
117
117
117
117
113
114
114
114
111
100
94
94
94
87
87
84
84
84
84
82
91
84
84
90
90
90
90
91
99
99
99
97
99
99
99
98
98
98
98
94
99
95
95
91
91
91
97
97
111
111
111
111
108
108
108
108
102
110
105
105
105
114
114
114
108
120
114
113
113
113
113
120
113
113
107
101
101
101
95
95
96
105
102
102
102
96
94
94
94
94
103
101
95
95
